"x"
3.68668059657303
-1.55733249956161
-5.79685735861346
-3.13029269134295
4.48668613039849
7.64276686956227
1.81817136930026
-7.84314785749242
-12.0579337946242
-5.09523349406929
8.53269393747914
15.5123986559855
8.64180600003444
-4.6248373861818
-11.4097193500395
-7.34241681141355
3.83227537948618
10.2690587556307
6.31296983060406
-3.6620216830668
-10.6096706912206
-8.32798363253372
-0.654702110528357
4.03571034910287
5.39945128497
2.81877032206739
-0.731540252589745
-2.77032389478348
-1.56476442028382
2.14213232101386
4.36510961717101
3.5103724500407
0.127353053262521
-2.57195492134157
-1.40943485910975
-0.640461997019199
-2.78006361939362
-3.15249976425265
0.388514875488921
4.24267705906051
3.70257148407496
-3.38082397279672
-8.4986967623756
-3.00794140456236
6.06898772086926
8.97385236162773
6.15142159280361
-0.913719500377374
-6.61165113703918
-3.8422885011849
5.7786416335464
11.0835035776834
5.92387336901704
-5.34917168400541
-11.8276634675266
-7.9686393694317
3.63198990746842
11.9860298923532
8.3241806853544
-1.29966995049539
-6.75643381406656
-5.68945737455586
0.672058674717237
6.46759934547373
5.0107531881848
0.223374418929528
-3.16802123756251
-3.71341671887348
-0.399115860389103
2.08874115743926
0.934516610174108
-0.384073081208608
-0.977062457149128
-0.888736094882217
0.369526796620101
0.895337285012786
0.814814103084171
1.08848200084469
0.650066392704319
1.84157219915731
3.44157845323759
1.41097997659003
-1.93475225014675
-3.10095291953184
-1.07370999015327
2.10758933149171
3.92174956809167
1.93053895855417
-1.45725105428023
-2.41941600923919
-2.06780460316272
0.0257291089015572
2.79659772730601
2.75359763868723
-0.0137028753350248
-3.0300744414322
-4.52677477999399
-1.89699192815263
2.35881037393249
3.19776912644914
1.1230057473655
-1.8471953398875
-1.49491327101901
3.77998245253126
5.25032679095707
0.847134948449863
-2.82772034696524
-2.58047003283564
0.418760459128625
3.42825340863031
3.54613839769106
0.926824960669752
-0.75666786615877
0.0237032722850516
0.425820819545917
0.26887809268848
0.697874909001539
0.402087087960808
0.384199592583735
0.55853696323539
-0.20846900479913
0.481491455026447
1.37297577167061
0.230770206141351
-1.03534559487626
-1.47629473333998
-0.0694781113098646
1.22975562089528
0.901208713399839
-0.640239644128163
-0.874079953301988
1.66323561112353
2.81362638807523
0.784491156349294
-0.329741004857176
-1.43227365058569
-1.14273346187668
2.59633399091847
4.49650374335152
1.09221861998176
-6.43291007451422
-10.4755172229127
-5.96601827779965
1.70182893438992
5.72474310477842
4.92924229113958
0.803390706757118
-4.49383253489932
-6.84805690538269
-3.24004747203129
2.9057952500305
5.48725313638928
2.0331606230859
-3.04669405801783
-5.6523509047153
-3.3199376257393
1.46929665459574
1.88187421725888
-0.550136447565702
-0.372321707837128
0.930747631319496
1.94418774601512
1.897110591407
-1.59192504711651
-5.42037659151597
-4.37365863110057
0.98942862109624
5.55629928531498
5.6349763446461
4.22695230783692
2.70623405499097
0.625356080709802
-3.15066557379029
-4.26108118800585
-2.45946226322358
-1.47167788975267
0.342929867781287
0.953171990456818
-1.26181034116023
-3.07482714391479
-1.24893444588522
3.81138450344298
4.89172442518374
-0.695181815835137
-5.39873217052605
-3.87564915722479
0.0306257539216297
1.86630057279317
-0.187887452204362
-2.95542346028914
-2.81915132898954
-1.2258400218261
0.26136042418577
-0.518552504172431
-2.25938365279628
-0.716354763665045
2.27008066859514
2.21040957500097
-1.28520789699011
-4.97404116727909
-4.43920805170002
1.03860358976599
6.1508000339259
4.94386479901486
-0.494812749864206
-4.79323998782151
-4.38960173610072
0.978439632384648
5.71560993816513
4.14625126795335
-2.03767310791036
-6.9614850508361
-4.63592577333779
1.34295505569627
4.86394797567532
4.20771755620226
-1.46628904153958
-9.47004936411705
-11.3080895935074
-2.52672226952507
7.15987108069605
6.98682825054664
-0.564239274326589
-5.99371722337824
-2.59619322833647
6.20856693868249
11.6827631642679
9.12423055717868
0.19249160731847
-7.75145585020335
-8.9919705884538
-3.69461978019804
2.15297314252532
3.73723180945135
1.06995678001311
-2.79271290683163
-5.27264398146015
-3.27558751904325
2.15108036260573
6.25937813891608
5.34602234841693
1.08554420927068
-1.01445781549522
0.718348191074267
2.69714860190587
2.90684374677846
0.554921971454131
-3.58263315475728
-5.05497186237668
-3.22827303865531
