"x"
0.496717167575788
0.870367347914883
-1.12864168787304
-0.477937082113171
1.23611317749718
-0.796607822153983
2.2716908946801
-1.39052956813047
-1.43818581209142
1.01961347865429
1.69816593626434
-0.74432299177685
-1.02621163098213
2.68659844088083
-2.43018733279766
0.920168557908298
0.387176300541199
-0.139957878446785
-0.773675887298485
-0.817869199226225
0.399597378433816
1.74781364863074
-0.981936934948386
0.483535594403284
0.640500249793212
1.20650133309503
-1.95003588695435
-0.0402829635258851
-0.153954434431206
1.20648429964469
-0.687550681163502
-1.26388123229422
0.473460387293903
1.43285635670326
-0.612698982555407
-1.47075311046784
1.16912587783394
-1.02029651648289
-0.506368299825994
0.670719382247285
1.17641678223378
-0.72319292654931
0.343713305688774
-0.803817809958065
-1.49911704254179
1.49003743419365
-1.13217556312948
2.1657985216929
-0.978242555601852
0.398893577021797
0.332078983898152
-0.3274723999938
0.0086677390334344
1.18347606381044
0.0529185495054336
-0.367650212623274
0.0903966690553265
-0.596235449927195
0.80875569961251
0.0928415399204425
-0.316093819861151
0.887029191283087
-1.59107609822256
-1.30552747430444
1.39276671756181
0.597360740497538
-1.86630550631592
-0.246642709129232
-0.0311938624950707
2.20156257809684
-2.3747878116503
1.52807085092007
-0.43564630955488
1.80273876565515
-1.44494867658429
-1.60848535005195
1.15093118163651
-0.0668993059733551
3.02786270123141
-3.49391009016574
1.20732901521951
-0.220613009334613
-1.05244341320065
-0.804233520403867
1.20924058179855
1.30296900499212
0.502826661054502
-2.15797410510156
0.192086844182631
1.11869387839621
-3.29993964401559
0.930774984253961
0.587338553693238
-0.879153657065266
1.48910809285087
-0.829769496359974
0.818831704086888
0.885148132623908
-0.533666756845234
-0.810015610160157
