"x"
-4.9
-7.19
-3.43
-6.96
-2.65
-6.17
-4
-4.87
-5.63
-5.63
-3.36
-6.64
-3.59
-5.02
-6.09
-4.83
-4.81
-5.17
-3.65
-7.21
-5.65
-5.12
-5.51
-2.42
-7.01
-3.34
-6.92
-3.8
-6.61
-5.37
-5.24
-4.21
-4.69
-6.54
-3.21
-5.33
-6.31
-4.11
-6.31
-3.56
-5.64
-2.95
-6.65
-4.19
-5.48
-6.73
-3.39
-7.25
-2.3
-9.39
-2.45
-5.98
-6.25
-3.16
-6.2
-5.86
-5.89
-4.83
-4.44
-6.2
-4.49
-4.82
-5.86
-4.71
-6.34
-3.59
-7.08
-5.33
-4.82
-3.9
-5.41
-3.79
-6.16
-5.17
-5.59
-4.08
-3.72
-5.09
-5.51
-7.97
-2.1
-7.23
-3
-7.07
-4.05
-5.58
-6.79
-3.1
-5.38
-5.28
-4.91
-5.27
-3.67
-4.59
-5.22
-4.69
-3.99
-4.64
-5.5
-6.07
-3.85
-4.39
-6.19
-2.38
-7.02
-4.6
-4.98
-3.42
-5.77
-3.24
-7.8
-5.36
-4.45
-5.65
-3.26
-6.75
-4.69
-5.38
-4.16
-20.18
-5.32
-4.71
-6.03
-4.41
-5.04
-3.4
-5.75
-4.06
-5.61
-5.39
-5.86
-4.41
-4.45
-5.24
-5.64
-5.38
-3.95
-5.75
-4.17
-4.78
-6.98
-2.39
-8.31
-2.05
-6.88
-3.22
-6.84
-3.1
-6.32
-1.97
-8.8
-3.22
-6.96
-4.48
-7.06
-4.79
-7.8
-3.62
-5.65
-4.55
-5.53
-5.03
-5.24
-7.23
-1.41
-6.85
-2.61
-7.38
-1.63
-8.44
-1.29
-7.85
-4.18
-5.47
-5.69
-4.41
-6.87
-3.68
-2.29
-6.12
-5.59
-4.13
-6.24
-4.99
-5.52
-3.2
-6.91
-4.79
-4.88
-4.77
-4.47
-3.43
-5.45
-5.29
-4.26
-4.04
-6.89
-3.54
-7.38
-2.08
-7.12
-3.25
-5.87
-3.2
-7.75
-5
-5.03
-6.29
-3.01
-6.81
-2.66
-6.59
-5.64
-5.53
-4.36
-4.72
-7.2
-1.72
-8.63
-5.76
-3.57
-6.17
-5.31
-5.59
-5.3
-4.14
-7.86
-3.77
-6.45
-3.42
-6.41
-4.96
-6.13
-4.46
-5.25
-5.87
-5.25
-4.51
-5.34
-5.64
-3.74
-7.46
-3.18
-6.25
-4.63
-5.65
-3.29
-7.37
-3.9
-6.62
-2.19
-7.38
-4.09
-7.64
-1.75
-8.25
-2.59
-7.98
-3.05
-6.42
-3.73
-6.03
-4.73
-5.6
-5.48
-5.3
-3.05
-6.54
-3.87
-5.26
-4.77
-5.65
-4.92
-5.74
-5.02
-5.74
-3.71
-7.8
-3.56
-7.16
-4.08
-8.42
-2.93
-7.43
-1.47
-7.79
-1.55
-7.22
-4.57
-4.89
-6.01
-4.48
-5.33
-3.44
-6.85
-4.35
-4.39
-6.37
-2.85
-6.42
-5.55
-5.55
-4.79
-3.15
-5.52
-3.7
-5.99
-6.68
-4.9
-4.6
-5.2
-4.97
-6.09
-4.99
-6.21
-4.54
-7.22
-2.58
-6.11
-4.1
-7.68
-3.17
-5.74
-4.03
-5.41
-6.04
-4.98
-3.22
-6.43
-5.15
-5.74
-5.67
-4.95
-5.72
-3.17
-6.87
-5.12
-4.08
-5.13
-5.05
-4.35
-7.16
-3.68
-5.54
-6.41
-4.96
-5.15
-4.81
-4.25
-5.38
-4.63
-6.49
-4.47
-5.33
-4.57
-6.34
-4.43
-5.85
-5.41
-5.66
-6.48
-6.15
-4.74
-6.56
-5.23
-3.24
-7.17
-4.21
-5.93
-3.78
-5.59
-4.51
-6.39
-3.07
-6.16
-4.29
-5.08
-4.24
-6.62
-3.4
-5.8
-4.56
-5.33
-3.57
-4.15
-6.53
-3.77
-5.24
-3.97
-3.25
-6.34
-4.78
-5.12
-4.55
-6.09
-4.76
-5.56
-3.84
-6.38
-4.66
-6.43
-4.94
-4.41
-5.73
-3.92
-5.37
-5.44
-2.98
-5.72
-4.65
-5.57
-5.22
-4.97
-5.42
-4.86
-5.89
-4.65
-5.9
-5.23
-4.91
-4.85
-6.21
-4.92
-4.2
-6.96
-3.38
-5.67
-5.99
-3.67
-6.39
-4.56
-6.87
-4.79
-6.05
-5.04
-5.65
-4.81
-5.62
-5.46
-5.75
-4.35
-4.53
-5.36
-4.28
-5.86
-4.26
-5.02
-2.47
-8.7
-2.54
-7.37
-3.33
-5.12
-5.62
-5.61
-5.88
-4.74
-5.55
-5.32
-6.29
-3.76
-5.28
-3.4
-7.52
-1.51
-6.85
-2.37
-5.68
-5.15
-4.01
-6.43
-6.23
-4.22
-4.78
-3.45
-6.72
-2.67
-7.26
-3.44
-5.74
-3.69
-6.62
-4.19
-6.8
-4.84
-6.66
-3.94
-6.12
-4.43
-4.72
-6.25
-5.62
-4.66
-5.59
-5.5
-6.5
-4.54
-5.44
-4.37
-3.2
-6.37
-4.03
-7.43
-2.58
-7.53
-2.8
-8.68
-3.58
-5.14
-4.56
-3.89
-5.79
-5.56
-4.61
-6.24
-5.4
-4.64
-5.61
-5.75
-4.65
-5.24
-4.61
-7.38
-1.24
-9.9
-1.51
-6.54
-5.35
-3.96
-5.73
-7.9
-2.99
-6.02
-5.13
-4.77
-3.79
-6.7
-3.47
-6.18
-3.85
-7.73
-3.39
-5.79
-4.95
-6.79
-3.95
-5.13
-4.55
-5.43
-6.05
-4.23
-3.62
-8.87
-2.82
-6.67
-3.12
-5.82
-4.42
2.38
-4.55
-7.25
-3.62
-4.97
-4.99
-4.86
-5.41
-6.84
-2.92
-6.85
-4.21
-5.87
-5.08
-6.83
-3.11
-6.3
-3.52
-6.49
-3.99
-7.11
-3.08
-6.08
-6
-4.37
-7.14
-2.73
-7.14
-4.54
-5.63
-3.65
-7.02
-5.93
-3.59
-6.49
-5.38
-5.84
-4.18
-4.4
-4.75
-5.67
-4.06
-5.1
-4.49
-3.97
-5.09
-5.32
-5.7
-5.4
-4.42
-5.18
-6.54
-3.96
-8.08
-2.68
-5.59
-5.3
-3.34
-5.1
-5.81
-3.06
-5.75
-4.76
-6.27
-4.08
-5.57
-5.27
-5.43
-5.05
-5.99
-3.33
-7.62
-3.69
-5.74
-4.26
-5.79
-4.32
-5.31
-3.98
-6.2
-4.92
-5.03
-3.49
-6.36
-5.38
-4.14
-7.36
-1.87
-7.8
-2.44
-5.96
-4.81
-6.73
-6.42
-3
-6.59
-3.33
-7.65
-2.8
-6.54
-4.79
-5.86
-5.57
-4.25
-5.32
-3.82
-5.89
-4.57
-5.84
-5.19
-4.96
-5.3
-3.94
-7.83
-5.21
-5.01
-3.93
-5.17
-6.59
-4.16
-6.53
-4.06
-5.23
-5.45
-4.99
-4.19
-5.25
-5.64
-3.76
-5.86
-4.73
-5.98
-1.53
-7.57
-4.87
-5.82
-3.93
-6.26
-3.48
-6.2
-4.37
-6.48
-4.05
-4.63
-5.58
-4.43
-5.33
-4.22
-4.95
-4.72
-4.89
-6.41
-4.16
-6.32
-5.16
-4.1
-5.75
-3.41
-7.14
-2.71
-8.66
-3.41
-6.93
-3.95
-6.26
-3.77
-6.2
-2.23
-8.23
-3.36
-5.41
-3.82
-7.23
-5.49
-3.02
-6.85
-4.64
-4.97
-5.1
-5.2
-6.77
-3.57
-4.3
-5.49
-5.37
-6.31
-5.53
-6.18
-3.95
-6.99
-5.01
-4.97
-6.54
-3.27
-5.12
-4.41
-7.09
-3.72
-4.63
-3.83
-5.47
-5.06
-5.73
-5.89
-3.48
-6.47
-3.59
-8.06
-2.53
-7.05
-4.47
-6.54
-3.81
-5.33
-4.63
-5.03
-5.62
-4.09
-6.08
-5.22
-6.39
-3.91
-4.94
-6.35
-3.46
-6.73
-4.18
-6.32
-4.63
-7.1
-3.11
-6.15
-4.07
-5.9
-4.15
-6.87
-4.48
-5.97
-5.71
-4.96
-5.25
-5.13
-5.59
-4.7
-4.95
-4.84
-3.26
-6.05
-5.29
-4.24
-4.18
-6.25
-5
-4.68
-3.58
-7.28
-2.24
-7.55
-4.88
-5.92
-3.89
-6.22
-5.05
-4.09
-6.21
-5.45
-5.77
-5.56
-3.49
-5.11
-5.34
-4.68
-5.9
-4.54
-5.42
-4.49
-6.81
-5.87
-3.57
-6.43
-3.24
-6.9
-5.16
-4.78
-6.12
-4.24
-5.5
-5.17
-2.72
-6.1
-3.87
-6.89
-4.52
-7.41
-4.44
-6.52
-3.12
-4.89
-6.61
-4.46
-5.58
-5.7
-5.78
-6.41
-6.52
-3.15
-6.61
-2.29
-7.35
-3.15
-5.24
-4.05
-5.69
-5.7
-4.79
-6.43
-3.8
-6.4
-5.21
-4.39
-6.43
-6.16
-5.66
-4.79
-5.96
-2.88
-6.9
-3.22
-6.54
-3.39
-5.79
-4.64
-7.06
-2.52
-7.32
-4.04
-5.83
-3.92
-7.09
-4.16
-4.12
-6.28
-3.91
-7.19
-4.28
-5
-7.94
-1.7
-7.66
-3.85
-6.08
-6.52
-4.39
-6.67
-5.8
-5.75
-5.71
-5.72
-2.98
-5.97
-5.59
-4.12
-3.94
-5.66
-3.45
-5.78
-4.81
-5.49
-4.36
-6.34
-2.82
-6.84
-3.87
-6.32
-5.25
-6.22
-7.3
-3.11
-6.44
-4.57
-3.29
-7.44
-2.55
-7.95
-2.36
-8.15
-3.49
-4.65
-4.59
-5.82
-5.37
-4.56
-5.68
-4.35
-7.1
-3.06
-6.06
-4.67
-5.93
-4.85
-4.63
-4.45
-5.04
-7.16
-3.3
-5.93
-4.06
-2.79
-6.59
-4.44
-4.9
-5.36
-5.55
-4.89
-5.03
-4.49
-6.66
-2.72
-5.51
-6.92
-4.02
-5.27
-3.54
-5.31
-6.79
-3.76
-6.29
-2.37
-6.37
-6.06
-4.73
-6.52
-3.7
-6.13
-5.13
-4.97
-5.05
-5.52
-4.89
-4.84
-5.48
-4.08
