"x"
20
20.0623705863639
21.0726134027333
24.0092639406805
27.6921837539961
30.2688248313305
30.9067275380699
30.9966393979764
31.3382225980046
33.0347723507681
32.9754283568079
32.4620452976025
32.2510372305417
30.8042911066883
27.9747106337699
24.7800022918849
22.1116091293818
21.3956717397655
22.3502059959523
22.875412740404
22.3925896190851
20.6026713603776
19.1817115847053
17.209725923488
15.3100530277029
13.7351845403341
11.8533801191185
9.60605352743868
8.26801704038382
7.14377676531104
8.03357009710714
8.08321326289242
8.7159395065983
9.73191257701796
11.597502207815
13.3951629647906
14.6319423356983
14.125753522464
11.7075398656659
9.17928521765012
6.06466811958502
4.61413620869235
3.61687443263164
4.55374705876913
7.07833754410052
9.90190542217377
11.6658130498196
10.7343685723509
8.3451371600939
6.4216836107395
5.59621499592488
