"x"
2.32
2.62
3.07
1
3.3
0.91
2.71
1.89
2.89
2.86
1.88
2.96
-0.92
4.86
-1.03
5.18
-0.72
4.01
2.33
1.61
4.51
2.11
2.97
2.68
-0.08
4.28
-1.46
3.61
0.21
1.82
0.4
1.46
1.56
0.49
2.34
2.02
1.76
3.43
0.18
4.01
-0.06
4.37
-0.75
4.6
-2.56
4.8
-2.13
6.39
-3.77
7.29
-4.17
6.49
-2.31
4.54
-0.04
3.15
1.89
2.07
3.02
0.92
3.39
-0.39
5.69
-0.08
3.95
0.49
3.77
1.42
2.4
1.75
0.98
3.81
0.41
3.92
0.35
3.8
1.58
4.48
1.16
3.45
0.83
3.32
1.12
2.04
0.67
3.78
-1.07
4.87
-1.09
5.34
-0.72
4.09
-0.65
3.99
-1.27
5.41
-0.75
5.42
0.25
4.82
0
4.43
0.37
2.27
1.15
2.03
0.37
0.31
1.1
3.89
0.19
5.05
-2.01
7.11
-3.55
8.41
-1
4.83
-1.24
3.44
-1.61
5.19
-3.01
6.77
-2.73
7.17
-3.31
7.01
-2.03
4.14
0.21
2.51
-1.93
5.74
-1.49
5.42
-0.21
3.76
0.85
2.51
-0.02
2.23
0.26
2.96
-0.42
4.31
-0.36
5.96
-0.81
2.88
-1.73
2.65
-1.05
1.08
0.71
-0.18
2.09
-0.16
3.52
0.03
3.85
-0.18
3.51
-1.63
4.52
-2.09
5.4
-3.37
6.35
-3.1
5.62
-3.07
4.05
-1.98
3.99
-1.05
5
-1.18
3.56
-1.41
3.91
-0.25
2.59
1.74
2.16
0.63
2.48
1.69
1.66
0.65
3.38
1.14
3.22
1.12
3.13
1.73
1.76
1.9
3.62
1.62
3.41
1.25
0.79
3.31
0.93
2.05
0.02
1.42
1.19
1.19
2.95
1.28
1.21
2.25
1.55
1.34
1.15
1.85
0.9
2.61
0.19
2.13
1.54
2.62
1.95
2.12
2.29
3.34
-1.28
4.71
0.18
2.83
1.17
2.26
2.93
1.7
1.91
2.71
2.08
0.21
3.69
0.3
2.66
1.21
2
2.74
0.32
4.52
-0.5
5.84
-1.77
4.87
-1.67
3.36
-0.36
3.38
1.29
0.87
3.64
-1.89
5.45
-4.25
6.04
-2.17
4.81
0.39
1.44
3.91
2.06
2.97
4.95
-1.28
3.98
0.21
4.15
1.28
2.93
2.59
1.5
5.47
-1.48
7.52
-2.67
6.97
-1.71
6.41
-2.97
6.36
-4.53
8.41
-4.76
8.12
-3.02
5.97
-2.08
4.95
-1.59
5.24
-1.57
4.33
0.65
3.37
-0.5
3.67
-1.08
4.05
-0.73
2.86
1.17
2
0.53
4.52
-2.43
6.61
-1.85
5.65
-0.89
3.74
0.65
3.18
1
3.54
-0.73
4.2
-0.38
3.65
-0.05
3.58
0.59
5.05
-2.65
6.54
-2.74
4.66
-1.35
4.18
-2.28
7.16
-3.06
6.32
-3.46
5.25
-1.21
4.94
-1.4
3.33
-0.09
4.12
-0.98
2.85
0.14
3.06
-0.69
3.48
1.72
2.28
0.06
3.24
1.41
1.84
1.39
1.85
1.9
1.07
1.84
3.97
0.62
3.17
1.55
2.95
1.18
3.64
1.2
4.33
-0.19
4.66
-1.01
4.42
-1.13
3.49
-0.18
3.15
-0.37
3.64
0.98
1.53
1.97
1.99
2.31
2.65
0.87
3.93
-0.46
5.69
-1.01
4.39
0.39
3.5
0.72
3.42
0.1
3.21
0.44
3.12
-1.97
5.63
-1.78
4.14
1.22
3.23
2.3
2.43
1.25
4.7
0.51
2.77
2.54
2.67
1.24
1.95
2.11
1.2
3.95
0.91
1.31
2.69
1.53
2.95
1.26
1.33
1.19
1.29
2.56
1.73
2.64
0.24
2.86
0.66
1.81
0.02
1.63
1.86
1.83
2.91
1.17
2.49
2.36
1.5
2.55
2.84
1.78
3.42
1.43
2.87
2.4
3
2.03
3.33
1.69
2.33
1.46
0.18
2.53
1.86
1.36
1.92
2.28
1.29
2.74
0.99
1.95
1.96
-0.32
2.9
0.01
1.78
2.25
0.91
1.29
2.58
1.13
2
2.71
-0.08
3.92
0.39
2.36
1.49
2.21
0.11
2.59
2.77
0.81
2.07
1.38
0.94
2.82
0.82
4.24
-1.09
4.41
-1.45
5.83
-1.59
6.25
0.1
4.51
0.84
0.94
0.41
1.09
1.68
-0.85
4.92
-2.5
6.6
-2.51
5.88
-0.26
5.09
-1.53
5.04
-0.18
4.55
-0.61
2.79
2.12
3.21
2.19
1.64
2.35
2.69
2.64
1.92
1.98
2.42
1.63
2.67
1.26
3.73
-1.42
6.08
-2.36
7.4
-1.86
6.68
-0.79
5.05
-0.21
4.27
0.6
3.36
1.09
0.76
4.63
-1
4.58
-0.82
4.26
-0.75
3.46
0.63
3.42
-0.82
4.11
-0.02
3.11
1.04
4.6
3.5
2.22
3.31
1.76
2.25
3.88
0.3
2.86
1.2
2.29
2.16
2.23
1.57
3.33
1.41
4.18
-0.25
3.82
-1.32
3.9
-1.02
4.43
-1.24
4.18
0.32
1.43
1.21
1.68
-0.05
2.76
0.3
3.24
1.13
3.28
0.62
2.35
0.16
3.09
-0.78
1.43
0.32
3.69
0.27
4.04
0.08
4.15
-0.05
3.07
1.38
3.35
0.61
2.12
1.37
2.02
1.5
4.28
0.88
1.75
2.19
0.07
3.8
-0.02
3.91
-0.25
3.25
-0.96
3.41
1.58
2.03
0.9
2.83
0.39
4.44
-1.64
5.93
-2.67
4.77
0.2
2.93
0.53
3.02
2.1
-0.49
3.44
-0.71
3.81
-0.55
3.73
0.04
2.3
0.64
1.75
1.39
3.39
-1.3
5.79
-1.74
7.22
-3.21
8.09
-3.46
7.63
-4.24
8.02
-4.27
6.36
-1.13
2.08
2.94
-0.36
3.1
1.05
4.9
-0.84
5.39
-0.71
4.94
0.18
5.39
-0.32
5.81
-1.68
5.02
-1.48
4.63
-0.38
3.9
0.78
1.4
2.96
1.84
-0.35
4
0.1
4.65
0.29
4.6
0.33
3.79
1.15
1.9
3.58
1.1
3.61
1.21
2.83
1.34
3.33
2.01
1.08
3.12
0.58
4.19
-0.06
4.63
-1.22
5.36
-1.43
4.85
-1.37
4.13
1.05
2.82
0.93
3.48
0.21
3.55
0.48
2.92
1.66
0.89
3.65
0.97
3.28
1.9
0.06
5.28
-1.45
4.51
-0.91
4.56
1.58
1.03
3.89
-0.67
3.16
0.57
1.58
2.66
1.7
2.39
2.04
2.93
2.37
2.38
2.86
1.49
1.67
2.44
0.39
4.18
1.67
2.79
0.57
3.05
0.39
2
1.71
2.66
1.64
2.01
0.59
2.55
0.85
2.47
0.89
2.45
0.36
4.2
1.36
2.3
2.93
0.41
6.05
-1.66
6.54
-3.78
6.63
-1.98
4.08
0.01
3.38
0.09
2.93
0.4
1.45
3.81
0.43
2.88
1.66
2.39
1.48
2.62
1.59
2.68
2.57
3.14
1.33
1.2
1.3
1.59
1.85
0.93
4.23
-0.16
3.14
0.08
2.98
-0.16
4.34
2.05
2.23
4.55
-0.19
3.88
1.35
2.51
1.37
3.16
0.8
1.41
2.29
1.59
1.06
1.9
1.78
-0.4
1.6
1.46
0.55
4.42
-1.09
5.31
-2.22
6.02
-4.45
9.68
-6.42
9.7
-6.15
8.19
-4.2
6.19
-0.2
3.72
1.23
1.82
1.01
1.24
1.35
1.62
0.6
3.6
-1.76
6.81
-3.53
7.5
-4.58
7.69
-5.68
10.34
-5.31
7.89
-0.46
4.2
-0.34
3.46
-0.91
4.68
0.23
4.41
-1.11
5.94
-3.96
5.62
-1.49
5.27
0.29
3.57
1.11
3.45
-0.34
3.22
-0.37
1.72
0.72
1.77
1.45
3.15
-0.18
4.64
-0.15
4.25
1.94
1.57
2.48
2.19
1.38
1.37
2.5
-0.65
4.21
0.7
3.06
1.99
2.42
2.98
2.62
2.97
1.57
2.98
-0.1
3.52
-0.22
3.25
2.02
3.93
1.97
1.17
2.19
1.18
1.39
0.8
2.24
-1.35
5.03
-0.5
4.72
-0.68
5.04
-0.4
3.43
0.58
2.36
0.68
3.91
2.03
2.16
1.62
1.7
2.21
-0.57
2.3
1.61
0.3
4.91
-1.74
6.31
0.04
6.39
0.38
1.55
1.37
0.16
1.51
0.18
3.05
-0.51
4.17
-1.77
4.5
-1.09
5.22
-1.87
5.79
-2.75
16.6
-3.83
8.7
-4.23
7.88
-3.49
6.06
-1.07
3.63
0.95
2.47
1.37
1.17
1.79
2.73
1.12
2.26
2.82
-0.75
5.4
-0.48
5.12
0.04
4.5
-0.77
2.36
1.55
0.64
3.5
-1.51
4.86
-2.42
4.05
0.34
1.81
0.3
1.28
2.68
0.77
2.5
1.07
2.12
0.37
-0.12
4.44
-0.66
4.44
-0.37
4.13
-2.35
4.26
-1.91
6.75
-1.89
4.79
0.86
3.38
1.48
2.63
2.76
2.57
2
2.46
1.46
2.15
1.35
2.03
0.38
3.78
-0.44
3.96
0.87
1.48
1.7
-0.4
4.33
-0.96
4.08
0.3
1.57
-0.46
3.98
-0.25
3.87
-1.47
5.79
-2.46
5.94
-2.15
6.73
-1.36
4.88
0.54
3.27
-0.45
2.79
0.67
1.95
0.63
1.99
-0.49
1.79
1.38
3.15
-0.34
4.73
-1
5.23
-1.93
6.76
-2.41
6.37
-2.35
6.42
-4.35
8.9
-5.89
8.49
-4.4
8.5
-3.96
9.11
-3.71
9
-4.62
10.81
-6.11
10.01
-7.26
9.62
-20.97
7.36
-3.64
6.57
-5.1
8.13
-5.33
8.77
-6.12
11.86
-8.62
12.52
-8.49
12.06
-6.26
10.12
-4.77
8.16
-2.29
5.27
-1.72
5.96
-1.86
6.61
-1.91
7.29
-4.56
7.97
-2.59
7.52
-1.54
6.25
-0.4
3.96
-0.02
5.93
0.54
3.3
2.01
2.31
2.26
2.3
2.89
2.83
0.52
4.38
0.15
2.66
1.94
2.36
-0.01
4.66
-1.23
4.26
-0.49
3.97
-2.14
5.28
-2.98
4.41
-1.67
3.74
-0.59
4.2
-1.8
3.31
-1.05
4.33
-1.38
5
-2.3
3.28
-0.36
1.28
1.07
2.88
0.57
3.14
-0.07
4.79
-1.03
4.71
-0.38
4.25
1.14
3.36
0.86
4.13
0.72
4.5
-1.04
5.09
-0.72
2.88
1.92
3.16
1.16
4.81
-0.92
5.81
-2.44
6.63
-1.88
5.6
-0.66
3.65
-0.65
3.37
-1.26
3.97
-0.09
4.83
-0.98
3.31
-0.67
4.07
-1.31
4.92
-1.2
5.45
-1.61
5.13
-0.55
3.24
0.71
1.96
1.8
2.74
0.74
2.14
0.36
2.04
1.06
2.79
1.06
3.46
-1.33
4.76
-1.25
5.7
-1.94
4.29
-1.62
5.21
-0.56
4.08
0.56
4.23
-0.42
5.44
-1.9
5.37
0.11
4.3
-2.24
4.62
-2.52
4.37
-2.05
5.05
-2.41
7.85
-2.55
6.17
-0.82
3.36
0.49
2.3
1.94
3.42
1.41
2.96
1.62
3.71
0.74
3.96
0.97
3.36
0.07
3.46
1.49
2.25
0.03
2.3
-0.55
2.71
0.32
2.73
0.56
1.92
1.9
1.01
3.28
1.37
2.5
1.07
2.92
1.63
1.83
3.21
0.93
3.92
-0.24
3.07
-0.43
3.98
0.15
2.71
1.04
1.58
0.78
1.28
1.31
2.22
2.18
2.2
2.3
1.32
2.13
0.59
2.78
0.9
2.26
0.42
1.88
1.82
1.48
1.88
1.26
1.01
2.68
1.09
2.71
1.47
2.11
2.45
2.24
1.33
3.99
1.48
2.2
2.01
2.31
0.24
4.18
-2.63
7.28
-3.18
6.56
-3.21
7.94
-4.5
8.72
-3.56
7.78
-3.03
5.73
-2.12
4.64
-0.96
3.97
-0.77
3.96
0.28
3.81
0.12
4.02
1.69
2.74
1.28
2.56
0.17
2.83
2.05
1.04
3.64
0.94
1.96
0.73
2.51
0.54
2.44
0.98
1.83
1.16
0.31
2.8
0.76
4.47
-0.34
4.92
-0.14
4.25
1.27
2.14
0.72
1.98
-0.09
4.76
-0.42
3.89
1.37
3.76
2.1
1.34
2.6
0.39
3.32
0.85
3.03
2.2
3
0.64
2.75
1.4
2.48
1.87
2.88
3.09
2.17
1.53
3.23
0.07
4.16
0.69
2.43
2.48
1.33
1.56
1.99
1.68
2.08
1.75
1.45
1.74
1.69
1.2
2.38
1.2
2.98
2.11
3.18
2.02
2.85
1.47
2.51
0.59
2.81
2.37
1.91
1.87
2.37
0.25
0.9
2.03
-0.78
3.54
-1.11
3.4
-0.86
3.23
-1.98
4.96
-3.3
5.7
-3.09
4.5
-1.01
3.31
-1.03
2.76
0.54
3.39
0.95
3.4
2.32
1.9
2.88
0.35
3.1
1.97
2.73
0
3.95
-1.23
